22
8
0 2889 4298 8513 8205 9678 10432 9065 3800 7570 4887 6217 3371 2971 10030 2183 7011 2729 3278 3734 3769 2625
2889 0 5339 9554 9246 10719 11473 10106 4841 8611 5928 7258 4412 512 11071 928 8052 2114 819 4775 1310 3666
4298 5339 0 4439 4131 5604 6358 4991 2274 3496 813 2143 2377 5421 5956 4633 2937 5179 5728 1082 6219 3381
8513 9554 4439 0 1504 2237 2991 1624 6489 1743 3862 3558 6592 9636 2589 8848 2586 9394 9943 5297 10434 7596
8205 9246 4131 1504 0 2669 3423 2056 6181 1435 3554 3250 6284 9328 3021 8540 2278 9086 9635 4989 10126 7288
9678 10719 5604 2237 2669 0 1200 1739 7654 2908 5027 4723 7757 10801 1086 10013 3751 10559 11108 6462 11599 8761
10432 11473 6358 2991 3423 1200 0 2493 8408 3662 5781 5477 8511 11555 1840 10767 4505 11313 11862 7216 12353 9515
9065 10106 4991 1624 2056 1739 2493 0 7041 2295 4414 4110 7144 10188 2091 9400 3138 9946 10495 5849 10986 8148
3800 4841 2274 6489 6181 7654 8408 7041 0 5546 2863 4193 1879 4923 8006 4135 4987 4681 5230 1710 5721 2883
7570 8611 3496 1743 1435 2908 3662 2295 5546 0 2919 2615 5649 8693 3260 7905 1643 8451 9000 4354 9491 6653
4887 5928 813 3862 3554 5027 5781 4414 2863 2919 0 1566 2966 6010 5379 5222 2360 5768 6317 1671 6808 3970
6217 7258 2143 3558 3250 4723 5477 4110 4193 2615 1566 0 4296 7340 5075 6552 2056 7098 7647 3001 8138 5300
3371 4412 2377 6592 6284 7757 8511 7144 1879 5649 2966 4296 0 4494 8109 3706 5090 4252 4801 1813 5292 2454
2971 512 5421 9636 9328 10801 11555 10188 4923 8693 6010 7340 4494 0 11153 1010 8134 2196 763 4857 1254 3748
10030 11071 5956 2589 3021 1086 1840 2091 8006 3260 5379 5075 8109 11153 0 10365 4103 10911 11460 6814 11951 9113
2183 928 4633 8848 8540 10013 10767 9400 4135 7905 5222 6552 3706 1010 10365 0 7346 1408 1317 4069 1808 2960
7011 8052 2937 2586 2278 3751 4505 3138 4987 1643 2360 2056 5090 8134 4103 7346 0 7892 8441 3795 8932 6094
2729 2114 5179 9394 9086 10559 11313 9946 4681 8451 5768 7098 4252 2196 10911 1408 7892 0 2503 4615 2994 3506
3278 819 5728 9943 9635 11108 11862 10495 5230 9000 6317 7647 4801 763 11460 1317 8441 2503 0 5164 599 4055
3734 4775 1082 5297 4989 6462 7216 5849 1710 4354 1671 3001 1813 4857 6814 4069 3795 4615 5164 0 5655 2817
3769 1310 6219 10434 10126 11599 12353 10986 5721 9491 6808 8138 5292 1254 11951 1808 8932 2994 599 5655 0 4546
2625 3666 3381 7596 7288 8761 9515 8148 2883 6653 3970 5300 2454 3748 9113 2960 6094 3506 4055 2817 4546 0
