29
0 7961 5282 11802 5179 2706 2238 10644 3816 6169 1652 4481 1771 13236 13064 3156 3568 2947 1817 12256 7352 12313 7485 9610 9279 8873 2479 10989 12585
7961 0 2947 4309 3176 7019 6277 3151 5139 2556 8097 4394 8216 5743 5571 9601 6165 9392 6640 4763 2027 4820 1192 2117 1786 1380 8924 3496 5092
5282 2947 0 6788 497 4340 3598 5630 2460 1155 5418 1715 5537 8222 8050 6922 3486 6713 3961 7242 2338 7299 2471 4596 4265 3859 6245 5975 7571
11802 4309 6788 0 7017 10860 10118 2246 8980 6397 11938 8235 12057 1796 1624 13442 10006 13233 10481 816 5868 1399 5033 2596 4415 3135 12765 1437 1145
5179 3176 497 7017 0 4237 3495 5859 2357 1384 5315 1612 5434 8451 8279 6819 3383 6610 3858 7471 2567 7528 2700 4825 4494 4088 6142 6204 7800
2706 7019 4340 10860 4237 0 1296 9702 2874 5227 2842 3539 2961 12294 12122 4346 2626 4137 1385 11314 6410 11371 6543 8668 8337 7931 3669 10047 11643
2238 6277 3598 10118 3495 1296 0 8960 2132 4485 2374 2797 2493 11552 11380 3878 1884 3669 917 10572 5668 10629 5801 7926 7595 7189 3201 9305 10901
10644 3151 5630 2246 5859 9702 8960 0 7822 5239 10780 7077 10899 3680 3508 12284 8848 12075 9323 2700 4710 2757 3875 1438 3257 1977 11607 1433 3029
3816 5139 2460 8980 2357 2874 2132 7822 0 3347 3952 1659 4071 10414 10242 5456 2020 5247 2495 9434 4530 9491 4663 6788 6457 6051 4779 8167 9763
6169 2556 1155 6397 1384 5227 4485 5239 3347 0 6305 2602 6424 7831 7659 7809 4373 7600 4848 6851 1947 6908 2080 4205 3874 3468 7132 5584 7180
1652 8097 5418 11938 5315 2842 2374 10780 3952 6305 0 4617 443 13372 13200 1828 3704 1619 1953 12392 7488 12449 7621 9746 9415 9009 1151 11125 12721
4481 4394 1715 8235 1612 3539 2797 7077 1659 2602 4617 0 4736 9669 9497 6121 2685 5912 3160 8689 3785 8746 3918 6043 5712 5306 5444 7422 9018
1771 8216 5537 12057 5434 2961 2493 10899 4071 6424 443 4736 0 13491 13319 1667 3823 1458 2072 12511 7607 12568 7740 9865 9534 9128 990 11244 12840
13236 5743 8222 1796 8451 12294 11552 3680 10414 7831 13372 9669 13491 0 392 14876 11440 14667 11915 1128 7302 2833 6467 4030 5849 4569 14199 2871 961
13064 5571 8050 1624 8279 12122 11380 3508 10242 7659 13200 9497 13319 392 0 14704 11268 14495 11743 956 7130 2661 6295 3858 5677 4397 14027 2699 789
3156 9601 6922 13442 6819 4346 3878 12284 5456 7809 1828 6121 1667 14876 14704 0 5208 1669 3457 13896 8992 13953 9125 11250 10919 10513 1645 12629 14225
3568 6165 3486 10006 3383 2626 1884 8848 2020 4373 3704 2685 3823 11440 11268 5208 0 4999 2247 10460 5556 10517 5689 7814 7483 7077 4531 9193 10789
2947 9392 6713 13233 6610 4137 3669 12075 5247 7600 1619 5912 1458 14667 14495 1669 4999 0 3248 13687 8783 13744 8916 11041 10710 10304 1436 12420 14016
1817 6640 3961 10481 3858 1385 917 9323 2495 4848 1953 3160 2072 11915 11743 3457 2247 3248 0 10935 6031 10992 6164 8289 7958 7552 2780 9668 11264
12256 4763 7242 816 7471 11314 10572 2700 9434 6851 12392 8689 12511 1128 956 13896 10460 13687 10935 0 6322 1853 5487 3050 4869 3589 13219 1891 477
7352 2027 2338 5868 2567 6410 5668 4710 4530 1947 7488 3785 7607 7302 7130 8992 5556 8783 6031 6322 0 6379 1551 3676 3345 2939 8315 5055 6651
12313 4820 7299 1399 7528 11371 10629 2757 9491 6908 12449 8746 12568 2833 2661 13953 10517 13744 10992 1853 6379 0 5544 3107 4926 3646 13276 1948 2182
7485 1192 2471 5033 2700 6543 5801 3875 4663 2080 7621 3918 7740 6467 6295 9125 5689 8916 6164 5487 1551 5544 0 2841 2510 2104 8448 4220 5816
9610 2117 4596 2596 4825 8668 7926 1438 6788 4205 9746 6043 9865 4030 3858 11250 7814 11041 8289 3050 3676 3107 2841 0 2223 943 10573 1783 3379
9279 1786 4265 4415 4494 8337 7595 3257 6457 3874 9415 5712 9534 5849 5677 10919 7483 10710 7958 4869 3345 4926 2510 2223 0 1486 10242 3602 5198
8873 1380 3859 3135 4088 7931 7189 1977 6051 3468 9009 5306 9128 4569 4397 10513 7077 10304 7552 3589 2939 3646 2104 943 1486 0 9836 2322 3918
2479 8924 6245 12765 6142 3669 3201 11607 4779 7132 1151 5444 990 14199 14027 1645 4531 1436 2780 13219 8315 13276 8448 10573 10242 9836 0 11952 13548
10989 3496 5975 1437 6204 10047 9305 1433 8167 5584 11125 7422 11244 2871 2699 12629 9193 12420 9668 1891 5055 1948 4220 1783 3602 2322 11952 0 2220
12585 5092 7571 1145 7800 11643 10901 3029 9763 7180 12721 9018 12840 961 789 14225 10789 14016 11264 477 6651 2182 5816 3379 5198 3918 13548 2220 0
